2.815045482570326385e+00
2.714488248463927444e+00
2.058899550033034931e+00
2.691046306324529791e+00
2.980842555689410034e+00
2.247727365164339020e+00
2.072254436025565916e+00
2.367949127986106017e+00
2.170356839671740090e+00
2.161113829674229159e+00
2.312648438594769651e+00
3.038303947281991046e+00
2.222873099232800964e+00
2.089412875245407974e+00
2.399125865501080757e+00
2.174324365185224650e+00
2.045491892713598325e+00
1.940046172817681436e+00
1.815685781110669694e+00
2.170979421160533107e+00
1.724784689571738472e+00
1.650390132787366460e+00
2.019932855531826554e+00
1.847522355405846639e+00
1.529236959291689901e+00
1.468621406807574248e+00
1.579633739114108648e+00
1.542813177024955573e+00
1.907323943514609654e+00
1.998134718066918669e+00
1.497876580530724810e+00
1.567264118986350763e+00
1.201002380320715046e+00
1.539334211512129569e+00
1.130164145569108713e+00
1.547778009011235634e+00
1.512007216135876631e+00
1.322221551505419201e+00
1.297105111636310371e+00
1.406933760764291108e+00
1.189087715212518548e+00
1.252482706977664728e+00
1.085842734224562012e+00
1.025866691968889466e+00
1.285642904523266461e+00
1.004281806730490612e+00
1.107256440625560945e+00
9.181805274624111890e-01
1.184889185685271462e+00
1.127904621609205682e+00
1.157843021314915344e+00
1.128061231986406510e+00
1.180979156604977431e+00
1.129774809481236764e+00
9.153616521017493568e-01
9.975756347563681237e-01
1.055188693505022313e+00
9.200780859943479273e-01
1.097402239762906406e+00
8.857200805139920918e-01
7.781410531655428287e-01
7.773954801997370323e-01
9.515599743265874544e-01
1.031735731066292905e+00
6.835078158492641220e-01
1.091200124470818045e+00
7.850865493753228508e-01
6.036682925132563771e-01
5.971866080430360268e-01
6.568093732319539857e-01
6.151409127698971302e-01
7.237704128257569369e-01
5.391462197135533652e-01
5.087264964312198101e-01
7.305450582383155034e-01
6.409674759262085075e-01
6.259746010468548727e-01
6.401861843926208717e-01
5.785985712119970925e-01
5.661407237146247606e-01
4.928299722521625736e-01
5.047380671982538702e-01
4.556040032333677492e-01
7.004056603756462218e-01
5.456301557360521137e-01
6.285846931769055734e-01
5.276384464876814340e-01
6.948255228660081828e-01
5.414431997543152075e-01
5.261325114274614245e-01
3.887327522640312005e-01
4.880317930498763168e-01
4.822712656101166284e-01
5.752619734295971732e-01
5.470462308234913529e-01
5.260937869531827626e-01
7.027220617011398218e-01
5.553318648078482411e-01
3.920258298849293999e-01
4.493359932197975581e-01
4.907335114941333565e-01
3.753933546024004753e-01
